-0.8844	-0.0699	-0.4217	-0.3205	-0.2677	0.1639	-0.5912	-0.7134
-0.0699	0.9922	0.1251	0.2884	-0.0179	-0.3026	0.1841	0.3576
-0.4217	0.1251	0.4894	-0.4826	-0.0198	-0.2086	0.3975	0.5929
-0.3205	0.2884	-0.4826	-0.4218	0.4837	0.6296	0.2593	0.6658
-0.2677	-0.0179	-0.0198	0.4837	-0.2994	0.7613	0.3214	-0.1358
0.1639	-0.3026	-0.2086	0.6296	0.7613	0.0923	0.1869	-0.0688
-0.5912	0.1841	0.3975	0.2593	0.3214	0.1869	-0.3019	-0.3308
-0.7134	0.3576	0.5929	0.6658	-0.1358	-0.0688	-0.3308	0.6423
